-0,40332	-0,02930	-40,33203	-0,29297
-0,40186	-0,02930	-40,18555	-0,29297
-0,39917	-0,02930	-39,91699	-0,29297
-0,39600	-0,02930	-39,59961	-0,29297
-0,39331	-0,03174	-39,33105	-0,31738
-0,39185	-0,02930	-39,18457	-0,29297
-0,38770	-0,02930	-38,76953	-0,29297
-0,38550	-0,02930	-38,54980	-0,29297
-0,38403	-0,02930	-38,40332	-0,29297
-0,38110	-0,02930	-38,11035	-0,29297
-0,37866	-0,02930	-37,86621	-0,29297
-0,37646	-0,02930	-37,64648	-0,29297
-0,37354	-0,02930	-37,35352	-0,29297
-0,37085	-0,02930	-37,08496	-0,29297
-0,36890	-0,02930	-36,88965	-0,29297
-0,36523	-0,02930	-36,52344	-0,29297
-0,36328	-0,02930	-36,32813	-0,29297
-0,36108	-0,02686	-36,10840	-0,26855
-0,35742	-0,02930	-35,74219	-0,29297
-0,35596	-0,02686	-35,59570	-0,26855
-0,35278	-0,02686	-35,27832	-0,26855
-0,35034	-0,02686	-35,03418	-0,26855
-0,34692	-0,02686	-34,69238	-0,26855
-0,34497	-0,02686	-34,49707	-0,26855
-0,34277	-0,02686	-34,27734	-0,26855
-0,33960	-0,02686	-33,95996	-0,26855
-0,33716	-0,02686	-33,71582	-0,26855
-0,33545	-0,02686	-33,54492	-0,26855
-0,33228	-0,02686	-33,22754	-0,26855
-0,32910	-0,02686	-32,91016	-0,26855
-0,32739	-0,02686	-32,73926	-0,26855
-0,32544	-0,02441	-32,54395	-0,24414
-0,32080	-0,02686	-32,08008	-0,26855
-0,31958	-0,02686	-31,95801	-0,26855
-0,31738	-0,02686	-31,73828	-0,26855
-0,31445	-0,02441	-31,44531	-0,24414
-0,31201	-0,02686	-31,20117	-0,26855
-0,30908	-0,02441	-30,90820	-0,24414
-0,30688	-0,02441	-30,68848	-0,24414
-0,30371	-0,02686	-30,37109	-0,26855
-0,30249	-0,02441	-30,24902	-0,24414
-0,29858	-0,02441	-29,85840	-0,24414
-0,29712	-0,02441	-29,71191	-0,24414
-0,29370	-0,02441	-29,37012	-0,24414
-0,29199	-0,02441	-29,19922	-0,24414
-0,28809	-0,02441	-28,80859	-0,24414
-0,28589	-0,02441	-28,58887	-0,24414
-0,28369	-0,02197	-28,36914	-0,21973
-0,28003	-0,02441	-28,00293	-0,24414
-0,27881	-0,02441	-27,88086	-0,24414
-0,27637	-0,02441	-27,63672	-0,24414
-0,27393	-0,02441	-27,39258	-0,24414
-0,27075	-0,02197	-27,07520	-0,21973
-0,26880	-0,02441	-26,87988	-0,24414
-0,26636	-0,02441	-26,63574	-0,24414
-0,26367	-0,02441	-26,36719	-0,24414
-0,26025	-0,02197	-26,02539	-0,21973
-0,25757	-0,02197	-25,75684	-0,21973
-0,25464	-0,02197	-25,46387	-0,21973
-0,25366	-0,02197	-25,36621	-0,21973
-0,25049	-0,02197	-25,04883	-0,21973
-0,24805	-0,02197	-24,80469	-0,21973
-0,24561	-0,02197	-24,56055	-0,21973
-0,24268	-0,02197	-24,26758	-0,21973
-0,24072	-0,02197	-24,07227	-0,21973
-0,23682	-0,02197	-23,68164	-0,21973
-0,23462	-0,02197	-23,46191	-0,21973
-0,23193	-0,01953	-23,19336	-0,19531
-0,22974	-0,02197	-22,97363	-0,21973
-0,22778	-0,01953	-22,77832	-0,19531
-0,22412	-0,02197	-22,41211	-0,21973
-0,22217	-0,02197	-22,21680	-0,21973
-0,21997	-0,02197	-21,99707	-0,21973
-0,21680	-0,01953	-21,67969	-0,19531
-0,21509	-0,01953	-21,50879	-0,19531
-0,21265	-0,02197	-21,26465	-0,21973
-0,20996	-0,01953	-20,99609	-0,19531
-0,20630	-0,01953	-20,62988	-0,19531
-0,20361	-0,01953	-20,36133	-0,19531
-0,20215	-0,01953	-20,21484	-0,19531
-0,19897	-0,01953	-19,89746	-0,19531
-0,19751	-0,01953	-19,75098	-0,19531
-0,19434	-0,01709	-19,43359	-0,17090
-0,19141	-0,01953	-19,14063	-0,19531
-0,18799	-0,01953	-18,79883	-0,19531
-0,18652	-0,01953	-18,65234	-0,19531
-0,18481	-0,01709	-18,48145	-0,17090
-0,18140	-0,01953	-18,13965	-0,19531
-0,17847	-0,01709	-17,84668	-0,17090
-0,17554	-0,01709	-17,55371	-0,17090
-0,17432	-0,01709	-17,43164	-0,17090
-0,17139	-0,01709	-17,13867	-0,17090
-0,16919	-0,01709	-16,91895	-0,17090
-0,16479	-0,01709	-16,47949	-0,17090
-0,16333	-0,01709	-16,33301	-0,17090
-0,16162	-0,01709	-16,16211	-0,17090
-0,15747	-0,01709	-15,74707	-0,17090
-0,15454	-0,01709	-15,45410	-0,17090
-0,15308	-0,01709	-15,30762	-0,17090
-0,15063	-0,01465	-15,06348	-0,14648
-0,14722	-0,01709	-14,72168	-0,17090
-0,14551	-0,01709	-14,55078	-0,17090
-0,14355	-0,01465	-14,35547	-0,14648
-0,14014	-0,01465	-14,01367	-0,14648
-0,13745	-0,01465	-13,74512	-0,14648
-0,13525	-0,01465	-13,52539	-0,14648
-0,13281	-0,01465	-13,28125	-0,14648
-0,12939	-0,01465	-12,93945	-0,14648
-0,12793	-0,01465	-12,79297	-0,14648
-0,12500	-0,01465	-12,50000	-0,14648
-0,12231	-0,01465	-12,23145	-0,14648
-0,11963	-0,01465	-11,96289	-0,14648
-0,11792	-0,01465	-11,79199	-0,14648
-0,11548	-0,01221	-11,54785	-0,12207
-0,11182	-0,01465	-11,18164	-0,14648
-0,10986	-0,01465	-10,98633	-0,14648
-0,10693	-0,01221	-10,69336	-0,12207
-0,10400	-0,01221	-10,40039	-0,12207
-0,10156	-0,01221	-10,15625	-0,12207
-0,09888	-0,01221	-9,88770	-0,12207
-0,09595	-0,01221	-9,59473	-0,12207
-0,09448	-0,01221	-9,44824	-0,12207
-0,09106	-0,01221	-9,10645	-0,12207
-0,08887	-0,00977	-8,88672	-0,09766
-0,08569	-0,01221	-8,56934	-0,12207
-0,08423	-0,00977	-8,42285	-0,09766
-0,08179	-0,00977	-8,17871	-0,09766
-0,07959	-0,00977	-7,95898	-0,09766
-0,07690	-0,00977	-7,69043	-0,09766
-0,07227	-0,00977	-7,22656	-0,09766
-0,07031	-0,00977	-7,03125	-0,09766
-0,06860	-0,00732	-6,86035	-0,07324
-0,06543	-0,00977	-6,54297	-0,09766
-0,06372	-0,00732	-6,37207	-0,07324
-0,06006	-0,00732	-6,00586	-0,07324
-0,05786	-0,00732	-5,78613	-0,07324
-0,05640	-0,00732	-5,63965	-0,07324
-0,05322	-0,00488	-5,32227	-0,04883
-0,05103	-0,00488	-5,10254	-0,04883
-0,04883	-0,00244	-4,88281	-0,02441
-0,04590	-0,00488	-4,58984	-0,04883
-0,04321	-0,00488	-4,32129	-0,04883
-0,04150	-0,00244	-4,15039	-0,02441
-0,03784	-0,00244	-3,78418	-0,02441
-0,03540	-0,00244	-3,54004	-0,02441
-0,03296	0,00000	-3,29590	0,00000
-0,03003	0,00000	-3,00293	0,00000
-0,02783	0,00244	-2,78320	0,02441
-0,02417	0,00000	-2,41699	0,00000
-0,02271	0,00244	-2,27051	0,02441
-0,01929	0,00488	-1,92871	0,04883
-0,01733	0,00732	-1,73340	0,07324
-0,01392	0,00732	-1,39160	0,07324
-0,01245	0,00977	-1,24512	0,09766
-0,00928	0,01221	-0,92773	0,12207
-0,00635	0,01465	-0,63477	0,14648
-0,00488	0,01953	-0,48828	0,19531
-0,00269	0,02686	-0,26855	0,26855
0,00000	0,03418	0,00000	0,34180
0,00244	0,04883	0,24414	0,48828
0,00610	0,06836	0,61035	0,68359
0,00879	0,09277	0,87891	0,92773
0,00952	0,13672	0,95215	1,36719
0,01123	0,17822	1,12305	1,78223
0,01416	0,24414	1,41602	2,44141
0,01563	0,33691	1,56250	3,36914
0,01611	0,42236	1,61133	4,22363
0,01807	0,54688	1,80664	5,46875
0,02026	0,61768	2,02637	6,17676
0,02124	0,68604	2,12402	6,86035
0,02368	0,73242	2,36816	7,32422
0,02637	0,77393	2,63672	7,73926
0,02905	0,80566	2,90527	8,05664
0,03174	0,83740	3,17383	8,37402
0,03345	0,86426	3,34473	8,64258
0,03589	0,89600	3,58887	8,95996
0,03882	0,91553	3,88184	9,15527
0,04028	0,93506	4,02832	9,35059
0,04224	0,96191	4,22363	9,61914
0,04517	0,98145	4,51660	9,81445
0,04761	1,00098	4,76074	10,00977
0,04907	1,02051	4,90723	10,20508
0,05225	1,04248	5,22461	10,42480
0,05493	1,05957	5,49316	10,59570
0,05713	1,07910	5,71289	10,79102
0,05981	1,09619	5,98145	10,96191
0,06226	1,11328	6,22559	11,13281
0,06421	1,12793	6,42090	11,27930
0,06616	1,14746	6,61621	11,47461
0,06860	1,16211	6,86035	11,62109
0,07178	1,17676	7,17773	11,76758
0,07373	1,19629	7,37305	11,96289
0,07593	1,21094	7,59277	12,10938
0,07910	1,22559	7,91016	12,25586
0,08105	1,24023	8,10547	12,40234
0,08252	1,25732	8,25195	12,57324
0,08594	1,26953	8,59375	12,69531
0,08765	1,28662	8,76465	12,86621
0,09058	1,29639	9,05762	12,96387
0,09351	1,31348	9,35059	13,13477
0,09570	1,32813	9,57031	13,28125
0,09814	1,34277	9,81445	13,42773
0,10083	1,35254	10,08301	13,52539
0,10181	1,36475	10,18066	13,64746
0,10547	1,38184	10,54688	13,81836
0,10693	1,39160	10,69336	13,91602
0,11035	1,40869	11,03516	14,08691
0,11255	1,41846	11,25488	14,18457
0,11548	1,43311	11,54785	14,33105
0,11792	1,44531	11,79199	14,45313
0,12012	1,45996	12,01172	14,59961
0,12207	1,46973	12,20703	14,69727
0,12476	1,48193	12,47559	14,81934
0,12720	1,49170	12,71973	14,91699
0,13013	1,50635	13,01270	15,06348
0,13135	1,51855	13,13477	15,18555
0,13428	1,52588	13,42773	15,25879
0,13672	1,53809	13,67188	15,38086
0,13916	1,55029	13,91602	15,50293
0,14233	1,56494	14,23340	15,64941
0,14355	1,57471	14,35547	15,74707
0,14600	1,58447	14,59961	15,84473
0,14917	1,59668	14,91699	15,96680
0,15186	1,60645	15,18555	16,06445
0,15430	1,61865	15,42969	16,18652
0,15649	1,63086	15,64941	16,30859
0,15845	1,64063	15,84473	16,40625
0,16187	1,65039	16,18652	16,50391
0,16382	1,65771	16,38184	16,57715
0,16699	1,66992	16,69922	16,69922
0,16797	1,68213	16,79688	16,82129
0,17163	1,69189	17,16309	16,91895
0,17432	1,70410	17,43164	17,04102
0,17627	1,71143	17,62695	17,11426
0,17847	1,72363	17,84668	17,23633
0,18115	1,73340	18,11523	17,33398
0,18408	1,74561	18,40820	17,45605
0,18628	1,75049	18,62793	17,50488
0,18872	1,76270	18,87207	17,62695
0,19067	1,77246	19,06738	17,72461
0,19360	1,78223	19,36035	17,82227
0,19629	1,79443	19,62891	17,94434
0,19849	1,80176	19,84863	18,01758
0,20117	1,81396	20,11719	18,13965
0,20337	1,82129	20,33691	18,21289
0,20532	1,83350	20,53223	18,33496
0,20825	1,84082	20,82520	18,40820
0,21045	1,85303	21,04492	18,53027
0,21265	1,86035	21,26465	18,60352
0,21631	1,87256	21,63086	18,72559
0,21851	1,88477	21,85059	18,84766
0,22119	1,89209	22,11914	18,92090
0,22314	1,89941	22,31445	18,99414
0,22607	1,91162	22,60742	19,11621
0,22803	1,91895	22,80273	19,18945
0,23120	1,92871	23,12012	19,28711
0,23486	1,93848	23,48633	19,38477
0,23560	1,94824	23,55957	19,48242
0,23706	1,95801	23,70605	19,58008
0,24072	1,96533	24,07227	19,65332
0,24268	1,97510	24,26758	19,75098
0,24512	1,98730	24,51172	19,87305
0,24805	1,99463	24,80469	19,94629
0,25049	2,00439	25,04883	20,04395
0,25195	2,01172	25,19531	20,11719
0,25537	2,02148	25,53711	20,21484
0,25806	2,03369	25,80566	20,33691
0,25977	2,03857	25,97656	20,38574
0,26294	2,04590	26,29395	20,45898
0,26538	2,05811	26,53809	20,58105
0,26733	2,06543	26,73340	20,65430
0,27026	2,07764	27,02637	20,77637
0,27344	2,08740	27,34375	20,87402
0,27466	2,09229	27,46582	20,92285
0,27661	2,10205	27,66113	21,02051
0,27954	2,11182	27,95410	21,11816
0,28247	2,11914	28,24707	21,19141
0,28491	2,13135	28,49121	21,31348
0,28760	2,13623	28,75977	21,36230
0,29053	2,14600	29,05273	21,45996
0,29297	2,15332	29,29688	21,53320
0,29443	2,16553	29,44336	21,65527
0,29736	2,17285	29,73633	21,72852
0,30005	2,18262	30,00488	21,82617
0,30273	2,19238	30,27344	21,92383
0,30493	2,19971	30,49316	21,99707
0,30737	2,20703	30,73730	22,07031
0,31006	2,21680	31,00586	22,16797
0,31323	2,22900	31,32324	22,29004
0,31372	2,23389	31,37207	22,33887
0,31665	2,24365	31,66504	22,43652
0,32056	2,25098	32,05566	22,50977
0,32227	2,26074	32,22656	22,60742
0,32422	2,27051	32,42188	22,70508
0,32617	2,27783	32,61719	22,77832
0,32983	2,28760	32,98340	22,87598
0,33154	2,29492	33,15430	22,94922
0,33496	2,30469	33,49609	23,04688
0,33716	2,31201	33,71582	23,12012
0,34058	2,32178	34,05762	23,21777
0,34204	2,32910	34,20410	23,29102
