-0,40454	-0,05615	-40,45410	-0,56152
-0,40161	-0,05371	-40,16113	-0,53711
-0,39917	-0,05371	-39,91699	-0,53711
-0,39551	-0,05615	-39,55078	-0,56152
-0,39331	-0,05371	-39,33105	-0,53711
-0,39185	-0,05371	-39,18457	-0,53711
-0,38770	-0,05371	-38,76953	-0,53711
-0,38501	-0,05371	-38,50098	-0,53711
-0,38306	-0,05371	-38,30566	-0,53711
-0,38013	-0,05371	-38,01270	-0,53711
-0,37744	-0,05371	-37,74414	-0,53711
-0,37500	-0,05371	-37,50000	-0,53711
-0,37231	-0,05371	-37,23145	-0,53711
-0,37061	-0,05127	-37,06055	-0,51270
-0,36768	-0,05127	-36,76758	-0,51270
-0,36475	-0,05127	-36,47461	-0,51270
-0,36255	-0,05127	-36,25488	-0,51270
-0,36035	-0,05127	-36,03516	-0,51270
-0,35791	-0,05127	-35,79102	-0,51270
-0,35547	-0,05127	-35,54688	-0,51270
-0,35229	-0,05127	-35,22949	-0,51270
-0,34937	-0,05127	-34,93652	-0,51270
-0,34766	-0,05127	-34,76563	-0,51270
-0,34521	-0,04883	-34,52148	-0,48828
-0,34302	-0,04883	-34,30176	-0,48828
-0,34058	-0,05127	-34,05762	-0,51270
-0,33740	-0,04883	-33,74023	-0,48828
-0,33447	-0,04883	-33,44727	-0,48828
-0,33130	-0,04883	-33,12988	-0,48828
-0,33008	-0,04883	-33,00781	-0,48828
-0,32788	-0,04883	-32,78809	-0,48828
-0,32422	-0,04639	-32,42188	-0,46387
-0,32129	-0,04883	-32,12891	-0,48828
-0,31982	-0,04639	-31,98242	-0,46387
-0,31665	-0,04883	-31,66504	-0,48828
-0,31421	-0,04639	-31,42090	-0,46387
-0,31152	-0,04883	-31,15234	-0,48828
-0,30908	-0,04883	-30,90820	-0,48828
-0,30615	-0,04639	-30,61523	-0,46387
-0,30420	-0,04639	-30,41992	-0,46387
-0,30151	-0,04639	-30,15137	-0,46387
-0,29736	-0,04639	-29,73633	-0,46387
-0,29541	-0,04639	-29,54102	-0,46387
-0,29419	-0,04395	-29,41895	-0,43945
-0,29102	-0,04639	-29,10156	-0,46387
-0,28857	-0,04395	-28,85742	-0,43945
-0,28491	-0,04395	-28,49121	-0,43945
-0,28320	-0,04395	-28,32031	-0,43945
-0,28101	-0,04639	-28,10059	-0,46387
-0,27856	-0,04395	-27,85645	-0,43945
-0,27588	-0,04395	-27,58789	-0,43945
-0,27271	-0,04395	-27,27051	-0,43945
-0,27075	-0,04395	-27,07520	-0,43945
-0,26709	-0,04395	-26,70898	-0,43945
-0,26489	-0,04395	-26,48926	-0,43945
-0,26245	-0,04395	-26,24512	-0,43945
-0,26050	-0,04395	-26,04980	-0,43945
-0,25732	-0,04150	-25,73242	-0,41504
-0,25415	-0,04150	-25,41504	-0,41504
-0,25317	-0,04150	-25,31738	-0,41504
-0,25024	-0,04150	-25,02441	-0,41504
-0,24756	-0,04150	-24,75586	-0,41504
-0,24512	-0,04150	-24,51172	-0,41504
-0,24219	-0,04150	-24,21875	-0,41504
-0,24023	-0,03906	-24,02344	-0,39063
-0,23828	-0,03906	-23,82813	-0,39063
-0,23438	-0,04150	-23,43750	-0,41504
-0,23218	-0,03906	-23,21777	-0,39063
-0,22852	-0,03906	-22,85156	-0,39063
-0,22754	-0,03906	-22,75391	-0,39063
-0,22437	-0,03906	-22,43652	-0,39063
-0,22266	-0,03906	-22,26563	-0,39063
-0,21924	-0,03906	-21,92383	-0,39063
-0,21729	-0,03906	-21,72852	-0,39063
-0,21313	-0,03662	-21,31348	-0,36621
-0,21289	-0,03906	-21,28906	-0,39063
-0,20898	-0,03662	-20,89844	-0,36621
-0,20752	-0,03662	-20,75195	-0,36621
-0,20361	-0,03662	-20,36133	-0,36621
-0,20068	-0,03662	-20,06836	-0,36621
-0,19873	-0,03662	-19,87305	-0,36621
-0,19702	-0,03418	-19,70215	-0,34180
-0,19336	-0,03662	-19,33594	-0,36621
-0,19116	-0,03662	-19,11621	-0,36621
-0,18872	-0,03418	-18,87207	-0,34180
-0,18579	-0,03418	-18,57910	-0,34180
-0,18457	-0,03418	-18,45703	-0,34180
-0,18140	-0,03418	-18,13965	-0,34180
-0,17920	-0,03418	-17,91992	-0,34180
-0,17480	-0,03174	-17,48047	-0,31738
-0,17432	-0,03418	-17,43164	-0,34180
-0,17114	-0,03174	-17,11426	-0,31738
-0,16748	-0,03174	-16,74805	-0,31738
-0,16577	-0,03174	-16,57715	-0,31738
-0,16309	-0,03174	-16,30859	-0,31738
-0,16089	-0,03174	-16,08887	-0,31738
-0,15771	-0,02930	-15,77148	-0,29297
-0,15479	-0,02930	-15,47852	-0,29297
-0,15308	-0,02930	-15,30762	-0,29297
-0,14990	-0,03174	-14,99023	-0,31738
-0,14795	-0,02930	-14,79492	-0,29297
-0,14575	-0,02930	-14,57520	-0,29297
-0,14282	-0,02686	-14,28223	-0,26855
-0,13867	-0,02930	-13,86719	-0,29297
-0,13770	-0,02686	-13,76953	-0,26855
-0,13525	-0,02686	-13,52539	-0,26855
-0,13184	-0,02686	-13,18359	-0,26855
-0,12964	-0,02686	-12,96387	-0,26855
-0,12769	-0,02686	-12,76855	-0,26855
-0,12524	-0,02686	-12,52441	-0,26855
-0,12207	-0,02441	-12,20703	-0,24414
-0,11914	-0,02441	-11,91406	-0,24414
-0,11743	-0,02441	-11,74316	-0,24414
-0,11475	-0,02441	-11,47461	-0,24414
-0,11230	-0,02441	-11,23047	-0,24414
-0,10938	-0,02197	-10,93750	-0,21973
-0,10693	-0,02197	-10,69336	-0,21973
-0,10327	-0,02197	-10,32715	-0,21973
-0,10181	-0,02197	-10,18066	-0,21973
-0,09912	-0,01953	-9,91211	-0,19531
-0,09570	-0,01953	-9,57031	-0,19531
-0,09375	-0,01953	-9,37500	-0,19531
-0,09082	-0,01953	-9,08203	-0,19531
-0,08789	-0,01709	-8,78906	-0,17090
-0,08643	-0,01709	-8,64258	-0,17090
-0,08423	-0,01709	-8,42285	-0,17090
-0,08105	-0,01465	-8,10547	-0,14648
-0,07910	-0,01709	-7,91016	-0,17090
-0,07617	-0,01465	-7,61719	-0,14648
-0,07300	-0,01465	-7,29980	-0,14648
-0,07056	-0,01221	-7,05566	-0,12207
-0,06909	-0,01221	-6,90918	-0,12207
-0,06641	-0,01221	-6,64063	-0,12207
-0,06299	-0,00977	-6,29883	-0,09766
-0,06128	-0,00977	-6,12793	-0,09766
-0,05859	-0,00732	-5,85938	-0,07324
-0,05493	-0,00732	-5,49316	-0,07324
-0,05371	-0,00488	-5,37109	-0,04883
-0,04980	-0,00488	-4,98047	-0,04883
-0,04883	-0,00244	-4,88281	-0,02441
-0,04639	-0,00244	-4,63867	-0,02441
-0,04346	0,00000	-4,34570	0,00000
-0,03979	0,00244	-3,97949	0,02441
-0,03735	0,00488	-3,73535	0,04883
-0,03613	0,00488	-3,61328	0,04883
-0,03296	0,00732	-3,29590	0,07324
-0,03076	0,00977	-3,07617	0,09766
-0,02734	0,01221	-2,73438	0,12207
-0,02539	0,01465	-2,53906	0,14648
-0,02173	0,01953	-2,17285	0,19531
-0,02002	0,02197	-2,00195	0,21973
-0,01782	0,02441	-1,78223	0,24414
-0,01440	0,02930	-1,44043	0,29297
-0,01172	0,03418	-1,17188	0,34180
-0,01025	0,03906	-1,02539	0,39063
-0,00732	0,04639	-0,73242	0,46387
-0,00439	0,05615	-0,43945	0,56152
-0,00122	0,06592	-0,12207	0,65918
-0,00049	0,08301	-0,04883	0,83008
0,00244	0,09766	0,24414	0,97656
0,00439	0,12695	0,43945	1,26953
0,00635	0,15381	0,63477	1,53809
0,00928	0,19775	0,92773	1,97754
0,01196	0,24414	1,19629	2,44141
0,01318	0,28809	1,31836	2,88086
0,01587	0,37109	1,58691	3,71094
0,01636	0,44678	1,63574	4,46777
0,01831	0,55420	1,83105	5,54199
0,01953	0,64941	1,95313	6,49414
0,02197	0,76904	2,19727	7,69043
0,02295	0,89111	2,29492	8,91113
0,02319	1,03760	2,31934	10,37598
0,02490	1,18652	2,49023	11,86523
0,02661	1,35254	2,66113	13,52539
0,02759	1,49170	2,75879	14,91699
0,02881	1,68213	2,88086	16,82129
0,02881	1,83105	2,88086	18,31055
0,03052	1,97021	3,05176	19,70215
0,03027	2,15088	3,02734	21,50879
0,03125	2,26318	3,12500	22,63184
0,03467	2,38770	3,46680	23,87695
0,03613	2,45850	3,61328	24,58496
0,03882	2,53174	3,88184	25,31738
0,03979	2,59033	3,97949	25,90332
0,04150	2,65381	4,15039	26,53809
0,04321	2,71240	4,32129	27,12402
0,04614	2,76611	4,61426	27,66113
0,04712	2,80762	4,71191	28,07617
0,05005	2,86133	5,00488	28,61328
0,05151	2,90039	5,15137	29,00391
0,05469	2,94678	5,46875	29,46777
0,05640	2,99072	5,63965	29,90723
0,05859	3,02979	5,85938	30,29785
0,05981	3,07129	5,98145	30,71289
0,06226	3,10547	6,22559	31,05469
0,06470	3,15186	6,46973	31,51855
0,06836	3,18359	6,83594	31,83594
0,06934	3,22510	6,93359	32,25098
0,07080	3,25439	7,08008	32,54395
0,07422	3,29346	7,42188	32,93457
0,07544	3,33008	7,54395	33,30078
0,07910	3,36670	7,91016	33,66699
0,08008	3,39844	8,00781	33,98438
0,08154	3,42285	8,15430	34,22852
0,08496	3,46191	8,49609	34,61914
0,08691	3,49609	8,69141	34,96094
0,09009	3,52783	9,00879	35,27832
0,09155	3,55713	9,15527	35,57129
0,09326	3,59131	9,32617	35,91309
0,09546	3,62061	9,54590	36,20605
0,09863	3,65479	9,86328	36,54785
0,10107	3,68164	10,10742	36,81641
0,10327	3,71582	10,32715	37,15820
0,10669	3,74023	10,66895	37,40234
0,10767	3,77441	10,76660	37,74414
0,11011	3,80371	11,01074	38,03711
0,11182	3,83057	11,18164	38,30566
0,11401	3,85986	11,40137	38,59863
0,11694	3,88184	11,69434	38,81836
0,11938	3,91602	11,93848	39,16016
0,12134	3,94287	12,13379	39,42871
0,12378	3,97217	12,37793	39,72168
0,12573	3,99658	12,57324	39,96582
0,12891	4,02344	12,89063	40,23438
0,13159	4,05029	13,15918	40,50293
0,13257	4,08203	13,25684	40,82031
0,13501	4,10645	13,50098	41,06445
0,13745	4,13086	13,74512	41,30859
0,13989	4,15527	13,98926	41,55273
0,14258	4,18213	14,25781	41,82129
0,14380	4,20898	14,37988	42,08984
0,14673	4,23096	14,67285	42,30957
0,14917	4,26025	14,91699	42,60254
0,15112	4,27979	15,11230	42,79785
0,15430	4,30908	15,42969	43,09082
0,15552	4,33105	15,55176	43,31055
0,15796	4,35791	15,79590	43,57910
0,16113	4,37988	16,11328	43,79883
0,16260	4,40186	16,25977	44,01855
0,16577	4,42871	16,57715	44,28711
0,16870	4,45557	16,87012	44,55566
0,17041	4,47266	17,04102	44,72656
0,17285	4,49707	17,28516	44,97070
0,17456	4,52393	17,45605	45,23926
0,17700	4,54346	17,70020	45,43457
0,17993	4,57031	17,99316	45,70313
0,18140	4,58740	18,13965	45,87402
0,18481	4,61426	18,48145	46,14258
0,18677	4,63867	18,67676	46,38672
0,18848	4,66064	18,84766	46,60645
0,19092	4,68018	19,09180	46,80176
0,19263	4,70215	19,26270	47,02148
0,19531	4,72900	19,53125	47,29004
0,19775	4,75586	19,77539	47,55859
0,19971	4,78271	19,97070	47,82715
0,20264	4,79980	20,26367	47,99805
0,20435	4,81934	20,43457	48,19336
0,20654	4,84619	20,65430	48,46191
0,20972	4,87061	20,97168	48,70605
0,21167	4,89258	21,16699	48,92578
0,21436	4,91943	21,43555	49,19434
0,21631	4,93896	21,63086	49,38965
0,21875	4,96338	21,87500	49,63379
0,22070	4,98779	22,07031	49,87793
0,22339	4,99756	22,33887	49,97559
0,22632	4,99756	22,63184	49,97559
0,22778	4,99756	22,77832	49,97559
0,23071	4,99756	23,07129	49,97559
0,23340	4,99756	23,33984	49,97559
0,23608	4,99756	23,60840	49,97559
0,23755	4,99756	23,75488	49,97559
0,23999	4,99756	23,99902	49,97559
0,24194	4,99756	24,19434	49,97559
0,24487	4,99756	24,48730	49,97559
0,24658	4,99756	24,65820	49,97559
0,25049	4,99756	25,04883	49,97559
0,25146	4,99756	25,14648	49,97559
0,25415	4,99756	25,41504	49,97559
0,25659	4,99756	25,65918	49,97559
0,25928	4,99756	25,92773	49,97559
0,26099	4,99756	26,09863	49,97559
0,26343	4,99756	26,34277	49,97559
0,26660	4,99756	26,66016	49,97559
0,26807	4,99756	26,80664	49,97559
0,27051	4,99756	27,05078	49,97559
0,27344	4,99756	27,34375	49,97559
0,27612	4,99756	27,61230	49,97559
0,27759	4,99756	27,75879	49,97559
0,28101	4,99756	28,10059	49,97559
0,28223	4,99756	28,22266	49,97559
0,28540	4,99756	28,54004	49,97559
0,28711	4,99756	28,71094	49,97559
0,29004	4,99756	29,00391	49,97559
0,29175	4,99756	29,17480	49,97559
0,29468	4,99756	29,46777	49,97559
0,29712	4,99756	29,71191	49,97559
0,29834	4,99756	29,83398	49,97559
0,30200	4,99756	30,20020	49,97559
0,30371	4,99756	30,37109	49,97559
0,30713	4,99756	30,71289	49,97559
0,30884	4,99756	30,88379	49,97559
