-0,40259	-0,02539	-40,25879	-0,25391
-0,39990	-0,02539	-39,99023	-0,25391
-0,39771	-0,02539	-39,77051	-0,25391
-0,39648	-0,02539	-39,64844	-0,25391
-0,39209	-0,02490	-39,20898	-0,24902
-0,38940	-0,02539	-38,94043	-0,25391
-0,38794	-0,02588	-38,79395	-0,25879
-0,38599	-0,02441	-38,59863	-0,24414
-0,38232	-0,02490	-38,23242	-0,24902
-0,37964	-0,02490	-37,96387	-0,24902
-0,37891	-0,02441	-37,89063	-0,24414
-0,37402	-0,02393	-37,40234	-0,23926
-0,37280	-0,02393	-37,28027	-0,23926
-0,37012	-0,02441	-37,01172	-0,24414
-0,36719	-0,02441	-36,71875	-0,24414
-0,36353	-0,02393	-36,35254	-0,23926
-0,36279	-0,02441	-36,27930	-0,24414
-0,35889	-0,02393	-35,88867	-0,23926
-0,35815	-0,02344	-35,81543	-0,23438
-0,35352	-0,02295	-35,35156	-0,22949
-0,35229	-0,02393	-35,22949	-0,23926
-0,35010	-0,02393	-35,00977	-0,23926
-0,34644	-0,02393	-34,64355	-0,23926
-0,34497	-0,02295	-34,49707	-0,22949
-0,34204	-0,02344	-34,20410	-0,23438
-0,33862	-0,02197	-33,86230	-0,21973
-0,33496	-0,02295	-33,49609	-0,22949
-0,33496	-0,02246	-33,49609	-0,22461
-0,33105	-0,02197	-33,10547	-0,21973
-0,32861	-0,02197	-32,86133	-0,21973
-0,32690	-0,02246	-32,69043	-0,22461
-0,32349	-0,02148	-32,34863	-0,21484
-0,32153	-0,02148	-32,15332	-0,21484
-0,31860	-0,02148	-31,86035	-0,21484
-0,31592	-0,02148	-31,59180	-0,21484
-0,31323	-0,02100	-31,32324	-0,20996
-0,31055	-0,02148	-31,05469	-0,21484
-0,30786	-0,02100	-30,78613	-0,20996
-0,30664	-0,02100	-30,66406	-0,20996
-0,30200	-0,02002	-30,20020	-0,20020
-0,30054	-0,02100	-30,05371	-0,20996
-0,29761	-0,02002	-29,76074	-0,20020
-0,29663	-0,02051	-29,66309	-0,20508
-0,29248	-0,02100	-29,24805	-0,20996
-0,28979	-0,02100	-28,97949	-0,20996
-0,28760	-0,02002	-28,75977	-0,20020
-0,28613	-0,01953	-28,61328	-0,19531
-0,28271	-0,01953	-28,27148	-0,19531
-0,28052	-0,01904	-28,05176	-0,19043
-0,27710	-0,01904	-27,70996	-0,19043
-0,27490	-0,01904	-27,49023	-0,19043
-0,27246	-0,01904	-27,24609	-0,19043
-0,27002	-0,01904	-27,00195	-0,19043
-0,26685	-0,01855	-26,68457	-0,18555
-0,26440	-0,01807	-26,44043	-0,18066
-0,26245	-0,01904	-26,24512	-0,19043
-0,25879	-0,01855	-25,87891	-0,18555
-0,25732	-0,01807	-25,73242	-0,18066
-0,25391	-0,01758	-25,39063	-0,17578
-0,25171	-0,01855	-25,17090	-0,18555
-0,24976	-0,01758	-24,97559	-0,17578
-0,24658	-0,01807	-24,65820	-0,18066
-0,24487	-0,01709	-24,48730	-0,17090
-0,24146	-0,01758	-24,14551	-0,17578
-0,23975	-0,01709	-23,97461	-0,17090
-0,23584	-0,01709	-23,58398	-0,17090
-0,23364	-0,01709	-23,36426	-0,17090
-0,23071	-0,01758	-23,07129	-0,17578
-0,23022	-0,01758	-23,02246	-0,17578
-0,22681	-0,01514	-22,68066	-0,15137
-0,22290	-0,01611	-22,29004	-0,16113
-0,22070	-0,01660	-22,07031	-0,16602
-0,21826	-0,01709	-21,82617	-0,17090
-0,21582	-0,01660	-21,58203	-0,16602
-0,21313	-0,01611	-21,31348	-0,16113
-0,20972	-0,01709	-20,97168	-0,17090
-0,20850	-0,01563	-20,84961	-0,15625
-0,20532	-0,01514	-20,53223	-0,15137
-0,20361	-0,01514	-20,36133	-0,15137
-0,20117	-0,01465	-20,11719	-0,14648
-0,19824	-0,01465	-19,82422	-0,14648
-0,19531	-0,01514	-19,53125	-0,15137
-0,19263	-0,01465	-19,26270	-0,14648
-0,19043	-0,01416	-19,04297	-0,14160
-0,18799	-0,01465	-18,79883	-0,14648
-0,18555	-0,01465	-18,55469	-0,14648
-0,18311	-0,01416	-18,31055	-0,14160
-0,18091	-0,01367	-18,09082	-0,13672
-0,17725	-0,01367	-17,72461	-0,13672
-0,17529	-0,01465	-17,52930	-0,14648
-0,17261	-0,01416	-17,26074	-0,14160
-0,16943	-0,01367	-16,94336	-0,13672
-0,16748	-0,01367	-16,74805	-0,13672
-0,16431	-0,01367	-16,43066	-0,13672
-0,16211	-0,01318	-16,21094	-0,13184
-0,15869	-0,01367	-15,86914	-0,13672
-0,15747	-0,01221	-15,74707	-0,12207
-0,15430	-0,01270	-15,42969	-0,12695
-0,15161	-0,01318	-15,16113	-0,13184
-0,14917	-0,01172	-14,91699	-0,11719
-0,14697	-0,01221	-14,69727	-0,12207
-0,14429	-0,01221	-14,42871	-0,12207
-0,14258	-0,01123	-14,25781	-0,11230
-0,13867	-0,01172	-13,86719	-0,11719
-0,13574	-0,01123	-13,57422	-0,11230
-0,13477	-0,01172	-13,47656	-0,11719
-0,13184	-0,01074	-13,18359	-0,10742
-0,12988	-0,01074	-12,98828	-0,10742
-0,12671	-0,01025	-12,67090	-0,10254
-0,12329	-0,01025	-12,32910	-0,10254
-0,12134	-0,01025	-12,13379	-0,10254
-0,11865	-0,01025	-11,86523	-0,10254
-0,11572	-0,00928	-11,57227	-0,09277
-0,11377	-0,00928	-11,37695	-0,09277
-0,11157	-0,00879	-11,15723	-0,08789
-0,10889	-0,00928	-10,88867	-0,09277
-0,10645	-0,00928	-10,64453	-0,09277
-0,10352	-0,00830	-10,35156	-0,08301
-0,10107	-0,00879	-10,10742	-0,08789
-0,09814	-0,00830	-9,81445	-0,08301
-0,09521	-0,00830	-9,52148	-0,08301
-0,09302	-0,00781	-9,30176	-0,07813
-0,09131	-0,00684	-9,13086	-0,06836
-0,08862	-0,00684	-8,86230	-0,06836
-0,08569	-0,00781	-8,56934	-0,07813
-0,08374	-0,00684	-8,37402	-0,06836
-0,08008	-0,00586	-8,00781	-0,05859
-0,07910	-0,00635	-7,91016	-0,06348
-0,07495	-0,00586	-7,49512	-0,05859
-0,07129	-0,00488	-7,12891	-0,04883
-0,07007	-0,00439	-7,00684	-0,04395
-0,06787	-0,00488	-6,78711	-0,04883
-0,06421	-0,00439	-6,42090	-0,04395
-0,06299	-0,00342	-6,29883	-0,03418
-0,06030	-0,00244	-6,03027	-0,02441
-0,05713	-0,00391	-5,71289	-0,03906
-0,05420	-0,00244	-5,41992	-0,02441
-0,05200	-0,00146	-5,20020	-0,01465
-0,05005	-0,00146	-5,00488	-0,01465
-0,04736	-0,00049	-4,73633	-0,00488
-0,04492	0,00000	-4,49219	0,00000
-0,04297	0,00049	-4,29688	0,00488
-0,03979	0,00098	-3,97949	0,00977
-0,03638	0,00195	-3,63770	0,01953
-0,03516	0,00391	-3,51563	0,03906
-0,03247	0,00439	-3,24707	0,04395
-0,02979	0,00391	-2,97852	0,03906
-0,02637	0,00586	-2,63672	0,05859
-0,02368	0,00684	-2,36816	0,06836
-0,02026	0,00879	-2,02637	0,08789
-0,01978	0,00977	-1,97754	0,09766
-0,01709	0,01172	-1,70898	0,11719
-0,01392	0,01221	-1,39160	0,12207
-0,01172	0,01563	-1,17188	0,15625
-0,00879	0,01709	-0,87891	0,17090
-0,00659	0,02148	-0,65918	0,21484
-0,00366	0,02393	-0,36621	0,23926
-0,00049	0,02783	-0,04883	0,27832
0,00171	0,03418	0,17090	0,34180
0,00391	0,04199	0,39063	0,41992
0,00659	0,05469	0,65918	0,54688
0,00952	0,07178	0,95215	0,71777
0,01147	0,10205	1,14746	1,02051
0,01221	0,13135	1,22070	1,31348
0,01465	0,17334	1,46484	1,73340
0,01733	0,23340	1,73340	2,33398
0,01904	0,27881	1,90430	2,78809
0,02222	0,30615	2,22168	3,06152
0,02393	0,32715	2,39258	3,27148
0,02588	0,34766	2,58789	3,47656
0,02808	0,36523	2,80762	3,65234
0,03271	0,38428	3,27148	3,84277
0,03418	0,39648	3,41797	3,96484
0,03662	0,41406	3,66211	4,14063
0,03833	0,42578	3,83301	4,25781
0,04126	0,43896	4,12598	4,38965
0,04248	0,45313	4,24805	4,53125
0,04492	0,46289	4,49219	4,62891
0,04834	0,47510	4,83398	4,75098
0,05103	0,48584	5,10254	4,85840
0,05371	0,49658	5,37109	4,96582
0,05469	0,50879	5,46875	5,08789
0,05762	0,52002	5,76172	5,20020
0,06079	0,52881	6,07910	5,28809
0,06274	0,54053	6,27441	5,40527
0,06494	0,54980	6,49414	5,49805
0,06787	0,56006	6,78711	5,60059
0,07080	0,56982	7,08008	5,69824
0,07300	0,58203	7,29980	5,82031
0,07495	0,58740	7,49512	5,87402
0,07788	0,59863	7,78809	5,98633
0,08057	0,60742	8,05664	6,07422
0,08301	0,61426	8,30078	6,14258
0,08521	0,62598	8,52051	6,25977
0,08838	0,63379	8,83789	6,33789
0,09033	0,64355	9,03320	6,43555
0,09277	0,65186	9,27734	6,51855
0,09595	0,66162	9,59473	6,61621
0,09766	0,66797	9,76563	6,67969
0,09985	0,67725	9,98535	6,77246
0,10229	0,68604	10,22949	6,86035
0,10571	0,69336	10,57129	6,93359
0,10693	0,70264	10,69336	7,02637
0,10889	0,70752	10,88867	7,07520
0,11157	0,71777	11,15723	7,17773
0,11426	0,72461	11,42578	7,24609
0,11694	0,73242	11,69434	7,32422
0,11987	0,73975	11,98730	7,39746
0,12231	0,75049	12,23145	7,50488
0,12427	0,75537	12,42676	7,55371
0,12842	0,76367	12,84180	7,63672
0,12915	0,77197	12,91504	7,71973
0,13330	0,77734	13,33008	7,77344
0,13477	0,78369	13,47656	7,83691
0,13770	0,79639	13,76953	7,96387
0,13989	0,80078	13,98926	8,00781
0,14282	0,80811	14,28223	8,08105
0,14551	0,81592	14,55078	8,15918
0,14746	0,82129	14,74609	8,21289
0,14941	0,82715	14,94141	8,27148
0,15283	0,83887	15,28320	8,38867
0,15454	0,84473	15,45410	8,44727
0,15771	0,85156	15,77148	8,51563
0,15991	0,85938	15,99121	8,59375
0,16211	0,86572	16,21094	8,65723
0,16504	0,87451	16,50391	8,74512
0,16821	0,87891	16,82129	8,78906
0,17065	0,88672	17,06543	8,86719
0,17261	0,89258	17,26074	8,92578
0,17407	0,89648	17,40723	8,96484
0,17725	0,90674	17,72461	9,06738
0,17969	0,91357	17,96875	9,13574
0,18164	0,91650	18,16406	9,16504
0,18481	0,92725	18,48145	9,27246
0,18701	0,93213	18,70117	9,32129
0,18994	0,93896	18,99414	9,38965
0,19263	0,94385	19,26270	9,43848
0,19531	0,95459	19,53125	9,54590
0,19751	0,95752	19,75098	9,57520
0,19995	0,96436	19,99512	9,64355
0,20264	0,97217	20,26367	9,72168
0,20532	0,97852	20,53223	9,78516
0,20728	0,98242	20,72754	9,82422
0,20972	0,98975	20,97168	9,89746
0,21216	0,99707	21,21582	9,97070
0,21460	0,99951	21,45996	9,99512
0,21802	0,99951	21,80176	9,99512
0,22095	0,99951	22,09473	9,99512
0,22168	0,99951	22,16797	9,99512
0,22485	0,99951	22,48535	9,99512
0,22705	0,99951	22,70508	9,99512
0,23047	0,99951	23,04688	9,99512
0,23291	0,99951	23,29102	9,99512
0,23560	0,99951	23,55957	9,99512
0,23657	0,99951	23,65723	9,99512
0,23999	0,99951	23,99902	9,99512
0,24219	0,99951	24,21875	9,99512
0,24390	0,99951	24,38965	9,99512
0,24683	0,99951	24,68262	9,99512
0,24976	0,99951	24,97559	9,99512
0,25195	0,99951	25,19531	9,99512
0,25439	0,99951	25,43945	9,99512
0,25806	0,99951	25,80566	9,99512
0,25928	0,99951	25,92773	9,99512
0,26294	0,99951	26,29395	9,99512
0,26514	0,99951	26,51367	9,99512
0,26782	0,99951	26,78223	9,99512
0,26978	0,99951	26,97754	9,99512
0,27344	0,99951	27,34375	9,99512
0,27441	0,99951	27,44141	9,99512
0,27734	0,99951	27,73438	9,99512
0,28052	0,99951	28,05176	9,99512
0,28223	0,99951	28,22266	9,99512
0,28540	0,99951	28,54004	9,99512
0,28711	0,99951	28,71094	9,99512
0,28979	0,99951	28,97949	9,99512
0,29272	0,99951	29,27246	9,99512
0,29565	0,99951	29,56543	9,99512
0,29785	0,99951	29,78516	9,99512
0,29956	0,99951	29,95605	9,99512
0,30273	0,99951	30,27344	9,99512
0,30420	0,99951	30,41992	9,99512
0,30688	0,99951	30,68848	9,99512
0,31006	0,99951	31,00586	9,99512
0,31274	0,99951	31,27441	9,99512
0,31616	0,99951	31,61621	9,99512
0,31689	0,99951	31,68945	9,99512
0,31958	0,99951	31,95801	9,99512
0,32275	0,99951	32,27539	9,99512
0,32422	0,99951	32,42188	9,99512
0,32813	0,99951	32,81250	9,99512
0,32935	0,99951	32,93457	9,99512
0,33276	0,99951	33,27637	9,99512
0,33472	0,99951	33,47168	9,99512
0,33789	0,99951	33,78906	9,99512
0,34082	0,99951	34,08203	9,99512
0,34229	0,99951	34,22852	9,99512
0,34497	0,99951	34,49707	9,99512
0,34766	0,99951	34,76563	9,99512
0,34985	0,99951	34,98535	9,99512
0,35278	0,99951	35,27832	9,99512
