-0,40381	-0,03906	-40,38086	-0,39063
-0,40186	-0,03662	-40,18555	-0,36621
-0,40015	-0,03662	-40,01465	-0,36621
-0,39771	-0,03662	-39,77051	-0,36621
-0,39453	-0,03662	-39,45313	-0,36621
-0,39136	-0,03662	-39,13574	-0,36621
-0,38843	-0,03906	-38,84277	-0,39063
-0,38623	-0,03662	-38,62305	-0,36621
-0,38501	-0,03662	-38,50098	-0,36621
-0,38232	-0,03662	-38,23242	-0,36621
-0,37939	-0,03662	-37,93945	-0,36621
-0,37573	-0,03662	-37,57324	-0,36621
-0,37354	-0,03662	-37,35352	-0,36621
-0,37061	-0,03418	-37,06055	-0,34180
-0,36841	-0,03662	-36,84082	-0,36621
-0,36646	-0,03418	-36,64551	-0,34180
-0,36426	-0,03418	-36,42578	-0,34180
-0,36108	-0,03662	-36,10840	-0,36621
-0,35742	-0,03418	-35,74219	-0,34180
-0,35547	-0,03662	-35,54688	-0,36621
-0,35352	-0,03418	-35,35156	-0,34180
-0,35156	-0,03418	-35,15625	-0,34180
-0,34863	-0,03418	-34,86328	-0,34180
-0,34619	-0,03418	-34,61914	-0,34180
-0,34326	-0,03418	-34,32617	-0,34180
-0,34131	-0,03418	-34,13086	-0,34180
-0,33862	-0,03418	-33,86230	-0,34180
-0,33545	-0,03418	-33,54492	-0,34180
-0,33301	-0,03418	-33,30078	-0,34180
-0,33081	-0,03418	-33,08105	-0,34180
-0,32764	-0,03174	-32,76367	-0,31738
-0,32422	-0,03418	-32,42188	-0,34180
-0,32178	-0,03174	-32,17773	-0,31738
-0,32104	-0,03174	-32,10449	-0,31738
-0,31787	-0,03174	-31,78711	-0,31738
-0,31421	-0,03174	-31,42090	-0,31738
-0,31323	-0,03174	-31,32324	-0,31738
-0,30981	-0,03174	-30,98145	-0,31738
-0,30786	-0,03174	-30,78613	-0,31738
-0,30371	-0,03174	-30,37109	-0,31738
-0,30273	-0,03174	-30,27344	-0,31738
-0,30005	-0,03174	-30,00488	-0,31738
-0,29736	-0,03174	-29,73633	-0,31738
-0,29395	-0,03174	-29,39453	-0,31738
-0,29224	-0,03174	-29,22363	-0,31738
-0,28955	-0,03174	-28,95508	-0,31738
-0,28735	-0,02930	-28,73535	-0,29297
-0,28418	-0,02930	-28,41797	-0,29297
-0,28125	-0,02930	-28,12500	-0,29297
-0,27954	-0,03174	-27,95410	-0,31738
-0,27563	-0,02930	-27,56348	-0,29297
-0,27368	-0,02930	-27,36816	-0,29297
-0,27051	-0,02930	-27,05078	-0,29297
-0,26831	-0,02930	-26,83105	-0,29297
-0,26611	-0,02930	-26,61133	-0,29297
-0,26392	-0,02930	-26,39160	-0,29297
-0,26099	-0,02930	-26,09863	-0,29297
-0,25806	-0,02930	-25,80566	-0,29297
-0,25562	-0,02930	-25,56152	-0,29297
-0,25342	-0,02686	-25,34180	-0,26855
-0,25098	-0,02930	-25,09766	-0,29297
-0,24756	-0,02686	-24,75586	-0,26855
-0,24609	-0,02686	-24,60938	-0,26855
-0,24292	-0,02930	-24,29199	-0,29297
-0,24048	-0,02686	-24,04785	-0,26855
-0,23853	-0,02686	-23,85254	-0,26855
-0,23511	-0,02686	-23,51074	-0,26855
-0,23315	-0,02686	-23,31543	-0,26855
-0,23047	-0,02686	-23,04688	-0,26855
-0,22754	-0,02686	-22,75391	-0,26855
-0,22559	-0,02686	-22,55859	-0,26855
-0,22192	-0,02686	-22,19238	-0,26855
-0,22021	-0,02686	-22,02148	-0,26855
-0,21851	-0,02441	-21,85059	-0,24414
-0,21411	-0,02441	-21,41113	-0,24414
-0,21240	-0,02441	-21,24023	-0,24414
-0,20947	-0,02441	-20,94727	-0,24414
-0,20679	-0,02686	-20,67871	-0,26855
-0,20459	-0,02441	-20,45898	-0,24414
-0,20288	-0,02441	-20,28809	-0,24414
-0,20044	-0,02441	-20,04395	-0,24414
-0,19775	-0,02441	-19,77539	-0,24414
-0,19434	-0,02441	-19,43359	-0,24414
-0,19092	-0,02441	-19,09180	-0,24414
-0,18750	-0,02441	-18,75000	-0,24414
-0,18701	-0,02441	-18,70117	-0,24414
-0,18311	-0,02197	-18,31055	-0,21973
-0,18213	-0,02197	-18,21289	-0,21973
-0,17896	-0,02197	-17,89551	-0,21973
-0,17627	-0,02197	-17,62695	-0,21973
-0,17480	-0,02197	-17,48047	-0,21973
-0,17188	-0,02197	-17,18750	-0,21973
-0,16821	-0,02197	-16,82129	-0,21973
-0,16528	-0,02197	-16,52832	-0,21973
-0,16357	-0,02197	-16,35742	-0,21973
-0,16064	-0,02197	-16,06445	-0,21973
-0,15796	-0,02197	-15,79590	-0,21973
-0,15552	-0,02197	-15,55176	-0,21973
-0,15308	-0,02197	-15,30762	-0,21973
-0,15161	-0,02197	-15,16113	-0,21973
-0,14893	-0,01953	-14,89258	-0,19531
-0,14551	-0,02197	-14,55078	-0,21973
-0,14307	-0,01953	-14,30664	-0,19531
-0,14087	-0,01953	-14,08691	-0,19531
-0,13794	-0,01953	-13,79395	-0,19531
-0,13525	-0,01953	-13,52539	-0,19531
-0,13208	-0,01953	-13,20801	-0,19531
-0,12988	-0,01709	-12,98828	-0,17090
-0,12744	-0,01709	-12,74414	-0,17090
-0,12524	-0,01709	-12,52441	-0,17090
-0,12305	-0,01709	-12,30469	-0,17090
-0,11987	-0,01709	-11,98730	-0,17090
-0,11816	-0,01709	-11,81641	-0,17090
-0,11450	-0,01709	-11,45020	-0,17090
-0,11328	-0,01709	-11,32813	-0,17090
-0,11011	-0,01709	-11,01074	-0,17090
-0,10669	-0,01709	-10,66895	-0,17090
-0,10425	-0,01709	-10,42480	-0,17090
-0,10156	-0,01465	-10,15625	-0,14648
-0,09961	-0,01465	-9,96094	-0,14648
-0,09766	-0,01465	-9,76563	-0,14648
-0,09375	-0,01465	-9,37500	-0,14648
-0,09155	-0,01465	-9,15527	-0,14648
-0,09009	-0,01465	-9,00879	-0,14648
-0,08691	-0,01221	-8,69141	-0,12207
-0,08496	-0,01465	-8,49609	-0,14648
-0,08228	-0,01221	-8,22754	-0,12207
-0,07910	-0,01221	-7,91016	-0,12207
-0,07690	-0,01221	-7,69043	-0,12207
-0,07471	-0,01221	-7,47070	-0,12207
-0,07104	-0,01221	-7,10449	-0,12207
-0,06836	-0,00977	-6,83594	-0,09766
-0,06543	-0,00977	-6,54297	-0,09766
-0,06323	-0,00977	-6,32324	-0,09766
-0,06104	-0,00977	-6,10352	-0,09766
-0,05884	-0,00732	-5,88379	-0,07324
-0,05615	-0,00977	-5,61523	-0,09766
-0,05298	-0,00732	-5,29785	-0,07324
-0,05127	-0,00488	-5,12695	-0,04883
-0,04785	-0,00488	-4,78516	-0,04883
-0,04639	-0,00732	-4,63867	-0,07324
-0,04248	-0,00488	-4,24805	-0,04883
-0,04102	-0,00488	-4,10156	-0,04883
-0,03735	-0,00244	-3,73535	-0,02441
-0,03589	-0,00244	-3,58887	-0,02441
-0,03320	0,00000	-3,32031	0,00000
-0,03003	0,00000	-3,00293	0,00000
-0,02856	0,00244	-2,85645	0,02441
-0,02612	0,00244	-2,61230	0,02441
-0,02344	0,00488	-2,34375	0,04883
-0,02075	0,00488	-2,07520	0,04883
-0,01855	0,00732	-1,85547	0,07324
-0,01489	0,00977	-1,48926	0,09766
-0,01294	0,01221	-1,29395	0,12207
-0,00854	0,01709	-0,85449	0,17090
-0,00708	0,02197	-0,70801	0,21973
-0,00464	0,02686	-0,46387	0,26855
-0,00293	0,03418	-0,29297	0,34180
0,00049	0,04639	0,04883	0,46387
0,00220	0,05859	0,21973	0,58594
0,00415	0,08301	0,41504	0,83008
0,00732	0,10986	0,73242	1,09863
0,01050	0,15381	1,04980	1,53809
0,01099	0,20264	1,09863	2,02637
0,01245	0,25635	1,24512	2,56348
0,01440	0,34912	1,44043	3,49121
0,01636	0,44189	1,63574	4,41895
0,01782	0,56152	1,78223	5,61523
0,01929	0,67627	1,92871	6,76270
0,02002	0,81055	2,00195	8,10547
0,02222	0,93994	2,22168	9,39941
0,02271	1,08154	2,27051	10,81543
0,02466	1,15234	2,46582	11,52344
0,02686	1,22559	2,68555	12,25586
0,02930	1,27197	2,92969	12,71973
0,03076	1,32324	3,07617	13,23242
0,03320	1,36475	3,32031	13,64746
0,03540	1,40137	3,54004	14,01367
0,03784	1,43799	3,78418	14,37988
0,04004	1,46973	4,00391	14,69727
0,04126	1,50391	4,12598	15,03906
0,04443	1,53564	4,44336	15,35645
0,04614	1,56982	4,61426	15,69824
0,04810	1,59180	4,80957	15,91797
0,05054	1,62354	5,05371	16,23535
0,05322	1,64795	5,32227	16,47949
0,05591	1,67725	5,59082	16,77246
0,05811	1,70166	5,81055	17,01660
0,06006	1,72607	6,00586	17,26074
0,06274	1,75049	6,27441	17,50488
0,06421	1,77246	6,42090	17,72461
0,06860	1,79932	6,86035	17,99316
0,07007	1,81885	7,00684	18,18848
0,07251	1,84326	7,25098	18,43262
0,07397	1,86279	7,39746	18,62793
0,07764	1,88965	7,76367	18,89648
0,07935	1,90918	7,93457	19,09180
0,08203	1,93115	8,20313	19,31152
0,08276	1,95068	8,27637	19,50684
0,08569	1,97021	8,56934	19,70215
0,08813	1,99219	8,81348	19,92188
0,09106	2,01416	9,10645	20,14160
0,09277	2,03125	9,27734	20,31250
0,09570	2,04834	9,57031	20,48340
0,09790	2,06787	9,79004	20,67871
0,10010	2,08740	10,00977	20,87402
0,10303	2,10693	10,30273	21,06934
0,10547	2,12402	10,54688	21,24023
0,10815	2,14355	10,81543	21,43555
0,11060	2,16064	11,05957	21,60645
0,11255	2,18018	11,25488	21,80176
0,11548	2,19727	11,54785	21,97266
0,11694	2,21680	11,69434	22,16797
0,11914	2,23389	11,91406	22,33887
0,12231	2,25098	12,23145	22,50977
0,12451	2,26807	12,45117	22,68066
0,12695	2,28271	12,69531	22,82715
0,12988	2,30225	12,98828	23,02246
0,13135	2,31689	13,13477	23,16895
0,13477	2,33643	13,47656	23,36426
0,13623	2,34863	13,62305	23,48633
0,13892	2,36572	13,89160	23,65723
0,14160	2,38037	14,16016	23,80371
0,14453	2,39990	14,45313	23,99902
0,14697	2,41455	14,69727	24,14551
0,14795	2,42920	14,79492	24,29199
0,15015	2,44385	15,01465	24,43848
0,15308	2,46094	15,30762	24,60938
0,15552	2,47559	15,55176	24,75586
0,15796	2,49023	15,79590	24,90234
0,16089	2,50488	16,08887	25,04883
0,16357	2,51953	16,35742	25,19531
0,16602	2,53418	16,60156	25,34180
0,16772	2,54883	16,77246	25,48828
0,17090	2,56592	17,08984	25,65918
0,17163	2,57813	17,16309	25,78125
0,17529	2,59277	17,52930	25,92773
0,17798	2,60742	17,79785	26,07422
0,18018	2,62207	18,01758	26,22070
0,18262	2,63428	18,26172	26,34277
0,18481	2,65137	18,48145	26,51367
0,18652	2,66357	18,65234	26,63574
0,18921	2,67578	18,92090	26,75781
0,19238	2,69287	19,23828	26,92871
0,19458	2,70508	19,45801	27,05078
0,19727	2,71973	19,72656	27,19727
0,19922	2,73193	19,92188	27,31934
0,20264	2,74902	20,26367	27,49023
0,20386	2,76367	20,38574	27,63672
0,20654	2,77832	20,65430	27,78320
0,20923	2,78809	20,92285	27,88086
0,21167	2,80518	21,16699	28,05176
0,21460	2,81738	21,45996	28,17383
0,21680	2,83447	21,67969	28,34473
0,21948	2,84668	21,94824	28,46680
0,22144	2,85889	22,14355	28,58887
0,22314	2,87598	22,31445	28,75977
0,22632	2,88574	22,63184	28,85742
0,22876	2,90039	22,87598	29,00391
0,23120	2,91504	23,12012	29,15039
0,23389	2,92725	23,38867	29,27246
0,23511	2,94189	23,51074	29,41895
0,23779	2,95654	23,77930	29,56543
0,24121	2,96631	24,12109	29,66309
0,24365	2,98096	24,36523	29,80957
0,24536	2,99072	24,53613	29,90723
0,24805	3,00537	24,80469	30,05371
0,25171	3,02002	25,17090	30,20020
0,25244	3,02979	25,24414	30,29785
0,25610	3,04443	25,61035	30,44434
0,25708	3,05664	25,70801	30,56641
0,26050	3,07129	26,04980	30,71289
0,26221	3,08350	26,22070	30,83496
0,26514	3,09814	26,51367	30,98145
0,26782	3,11035	26,78223	31,10352
0,26978	3,12500	26,97754	31,25000
0,27319	3,13477	27,31934	31,34766
0,27563	3,14941	27,56348	31,49414
0,27783	3,15918	27,78320	31,59180
0,27954	3,17139	27,95410	31,71387
0,28296	3,18359	28,29590	31,83594
0,28418	3,19336	28,41797	31,93359
0,28735	3,20801	28,73535	32,08008
0,28931	3,21777	28,93066	32,17773
0,29150	3,23486	29,15039	32,34863
0,29419	3,24707	29,41895	32,47070
0,29736	3,25684	29,73633	32,56836
0,29834	3,26904	29,83398	32,69043
0,30176	3,28369	30,17578	32,83691
0,30444	3,29590	30,44434	32,95898
0,30664	3,31055	30,66406	33,10547
0,30908	3,31787	30,90820	33,17871
0,31152	3,33252	31,15234	33,32520
0,31396	3,34229	31,39648	33,42285
0,31543	3,35449	31,54297	33,54492
0,31934	3,36914	31,93359	33,69141
0,32153	3,37891	32,15332	33,78906
0,32349	3,38867	32,34863	33,88672
0,32544	3,40332	32,54395	34,03320
0,32837	3,41553	32,83691	34,15527
0,33057	3,42773	33,05664	34,27734
