voltage voltage_error current current_error
0.01	0.001	0.1	0.01
0.02	0.002	0.2	0.02
0.04	0.004	0.3	0.03
0.09	0.009	0.4	0.04
0.12	0.012	0.5	0.05
0.14	0.014	0.6	0.06
0.16	0.016	0.7	0.07
0.2	0.02	0.8	0.08
0.25	0.025	0.9	0.09	
0.28	0.028	1	0.1
0.34	0.034	1.1	0.11
0.44	0.044	1.2	0.12
0.51	0.051	1.3	0.13
0.71	0.071	1.4	0.14
0.79	0.079	1.5	0.15
0.96	0.096	1.6	0.16
1.08	0.108	1.7	0.17
1.25	0.125	1.8	0.18
1.35	0.135	1.9	0.19
1.43	0.143	2	0.2
1.6	0.16	2.1	0.21
1.78	0.178	2.2	0.22
1.85	0.185	2.3	0.23
2.03	0.203	2.4	0.24
2.4	0.24	2.5	0.25
2.33	0.233	2.6	0.26
2.57	0.257	2.7	0.27
2.7	0.27	2.8	0.28
2.83	0.283	2.9	0.29
3.03	0.303	3	0.3
3.19	0.319	3.1	0.31
3.39	0.339	3.2	0.32
3.55	0.355	3.3	0.33
3.67	0.367	3.4	0.34
3.91	0.391	3.5	0.35
4.19	0.419	3.6	0.36
4.31	0.431	3.7	0.37
4.47	0.447	3.8	0.38
4.76	0.476	3.9	0.39
4.88	0.488	4	0.4
5.11	0.511	4.1	0.41
5.25	0.525	4.2	0.42
5.57	0.557	4.3	0.43
5.78	0.578	4.4	0.44
5.94	0.594	4.5	0.45
6.16	0.616	4.6	0.46
6.47	0.647	4.7	0.47
6.81	0.681	4.8	0.48
6.89	0.689	4.9	0.49
7.25	0.725	5	0.5
7.59	0.759	5.1	0.51
7.67	0.767	5.2	0.52
8	0.8	5.3	0.53
8.27	0.827	5.4	0.54
8.53	0.853	5.5	0.55
8.87	0.887	5.6	0.56
9.17	0.917	5.7	0.57
9.48	0.948	5.8	0.58
9.71	0.971	5.9	0.59
9.79	0.979	6	0.6
10.28	1.028	6.1	0.61
10.56	1.056	6.2	0.62
10.78	1.078	6.3	0.63
11.03	1.103	6.4	0.64
11.33	1.133	6.5	0.65